100
593300117
1924532625
1397069923
1776472240
1848021014
2112084874
1397847811
259293831
1325289889
2142432073
1655872169
1432335082
909812440
899629749
36886989
648718404
1932314866
1976159553
751850333
1714437512
1682497226
2092582207
1558349504
788519107
452301819
1348439372
160582972
18616155
837301255
492951653
151142762
581912220
1367552302
333505974
267375365
1827381828
14967433
846256761
1887871892
280270872
87259451
110672656
431747627
808037695
181285530
33233530
170853067
1188142311
2146208207
77110397
404248791
65580037
719152483
333729659
1689450132
2040471558
1188018397
616823651
951216304
1651202566
332886871
1922354477
1250414060
122087430
614010562
1016077813
1563357690
1681733694
130550884
1885694336
2136368860
1393143545
1906610530
1068324412
727148556
814701403
1518299783
1255040847
486613627
1448985345
222757402
1611363042
95878428
2008364343
1534060561
1947177125
371287137
962321443
1781399243
1196899432
304375765
866236144
1611293357
262095493
1523513011
993184195
447894358
709510476
388304725
569109320
